frame	cX	cY	area	minI	maxI	meanI	video
13981	3819	51	17.0	158.0	243.0	193.3846153846154	/Users/oakley/Downloads/out_11.mp4
17698	1004	142	40.5	152.0	255.0	191.56896551724137	/Users/oakley/Downloads/out_11.mp4
17699	1003	141	45.5	151.0	255.0	189.69841269841268	/Users/oakley/Downloads/out_11.mp4
17756	1277	64	15.0	158.0	214.0	203.52	/Users/oakley/Downloads/out_11.mp4
18338	3831	4	41.0	154.0	255.0	216.47272727272727	/Users/oakley/Downloads/out_11.mp4
19451	307	102	16.5	151.0	208.0	177.8	/Users/oakley/Downloads/out_11.mp4
19453	305	101	81.0	151.0	255.0	203.85185185185185	/Users/oakley/Downloads/out_11.mp4
19452	303	100	109.0	150.0	255.0	199.40441176470588	/Users/oakley/Downloads/out_11.mp4
19454	306	101	58.0	152.0	255.0	210.86666666666667	/Users/oakley/Downloads/out_11.mp4
23766	2304	117	38.0	151.0	215.0	183.46938775510202	/Users/oakley/Downloads/out_11.mp4
23766	547	202	38.0	154.0	236.0	193.88	/Users/oakley/Downloads/out_11.mp4
29916	795	101	24.0	152.0	228.0	184.52777777777777	/Users/oakley/Downloads/out_11.mp4
29917	795	101	34.5	151.0	245.0	190.82608695652172	/Users/oakley/Downloads/out_11.mp4
34550	2748	84	17.0	152.0	255.0	212.46153846153848	/Users/oakley/Downloads/out_11.mp4
34549	2748	83	15.5	154.0	255.0	205.83333333333331	/Users/oakley/Downloads/out_11.mp4
34551	2748	84	18.0	153.0	217.0	181.2222222222222	/Users/oakley/Downloads/out_11.mp4
34553	2747	85	20.5	153.0	229.0	189.7	/Users/oakley/Downloads/out_11.mp4
34554	2746	85	20.0	151.0	249.0	195.3793103448276	/Users/oakley/Downloads/out_11.mp4
34554	1034	118	23.0	151.0	239.0	187.11764705882354	/Users/oakley/Downloads/out_11.mp4
34555	2746	86	24.0	152.0	255.0	204.35294117647058	/Users/oakley/Downloads/out_11.mp4
34555	1034	119	24.0	152.0	235.0	190.4722222222222	/Users/oakley/Downloads/out_11.mp4
34557	2745	87	26.5	151.0	255.0	203.57894736842104	/Users/oakley/Downloads/out_11.mp4
34557	1033	120	25.0	151.0	254.0	187.97142857142856	/Users/oakley/Downloads/out_11.mp4
34556	2746	87	24.0	151.0	255.0	205.9142857142857	/Users/oakley/Downloads/out_11.mp4
34556	1034	120	23.0	151.0	254.0	198.35294117647058	/Users/oakley/Downloads/out_11.mp4
34558	2745	87	21.0	166.0	255.0	208.16129032258064	/Users/oakley/Downloads/out_11.mp4
34558	1032	121	31.0	154.0	229.0	186.92857142857142	/Users/oakley/Downloads/out_11.mp4
34559	2744	88	23.5	151.0	255.0	210.14705882352942	/Users/oakley/Downloads/out_11.mp4
34559	1031	121	30.0	151.0	255.0	192.97560975609755	/Users/oakley/Downloads/out_11.mp4
34561	2743	87	30.0	153.0	254.0	192.8048780487805	/Users/oakley/Downloads/out_11.mp4
34561	1030	120	33.5	151.0	221.0	182.51111111111112	/Users/oakley/Downloads/out_11.mp4
34560	2743	88	26.0	153.0	255.0	193.67567567567568	/Users/oakley/Downloads/out_11.mp4
34560	1031	122	40.5	151.0	228.0	183.3846153846154	/Users/oakley/Downloads/out_11.mp4
34562	2741	88	21.5	151.0	208.0	176.93548387096774	/Users/oakley/Downloads/out_11.mp4
34562	1029	121	38.0	151.0	247.0	193.8	/Users/oakley/Downloads/out_11.mp4
34563	2741	88	27.0	151.0	245.0	196.13513513513516	/Users/oakley/Downloads/out_11.mp4
34563	1028	121	36.5	151.0	240.0	185.98039215686273	/Users/oakley/Downloads/out_11.mp4
34564	2740	88	33.0	151.0	255.0	205.15217391304347	/Users/oakley/Downloads/out_11.mp4
34564	1028	121	22.0	157.0	244.0	188.625	/Users/oakley/Downloads/out_11.mp4
34566	2737	88	29.5	152.0	255.0	213.14285714285714	/Users/oakley/Downloads/out_11.mp4
34566	1025	121	35.0	155.0	255.0	199.5	/Users/oakley/Downloads/out_11.mp4
34565	2738	87	25.5	153.0	255.0	216.7837837837838	/Users/oakley/Downloads/out_11.mp4
34565	1026	121	39.5	155.0	255.0	201.0754716981132	/Users/oakley/Downloads/out_11.mp4
34567	2736	86	19.0	151.0	255.0	206.5806451612903	/Users/oakley/Downloads/out_11.mp4
34567	1024	120	32.0	151.0	255.0	204.43478260869566	/Users/oakley/Downloads/out_11.mp4
34568	2734	86	25.5	151.0	255.0	204.71052631578945	/Users/oakley/Downloads/out_11.mp4
34568	1023	119	22.5	151.0	244.0	192.4375	/Users/oakley/Downloads/out_11.mp4
34569	2734	86	26.0	151.0	255.0	213.40540540540542	/Users/oakley/Downloads/out_11.mp4
34569	1022	121	31.5	151.0	255.0	203.30232558139534	/Users/oakley/Downloads/out_11.mp4
34570	2731	85	28.0	152.0	207.0	177.78947368421052	/Users/oakley/Downloads/out_11.mp4
34570	1020	118	21.5	151.0	193.0	170.91176470588235	/Users/oakley/Downloads/out_11.mp4
34571	2730	85	27.0	155.0	255.0	201.0	/Users/oakley/Downloads/out_11.mp4
34571	1019	118	31.5	151.0	254.0	200.30232558139534	/Users/oakley/Downloads/out_11.mp4
34572	2729	84	28.5	152.0	255.0	199.56410256410257	/Users/oakley/Downloads/out_11.mp4
34572	1018	118	34.5	151.0	255.0	199.59574468085106	/Users/oakley/Downloads/out_11.mp4
34573	2726	83	27.0	151.0	255.0	201.66666666666666	/Users/oakley/Downloads/out_11.mp4
34573	1015	117	36.0	151.0	237.0	188.70833333333331	/Users/oakley/Downloads/out_11.mp4
34574	2724	81	32.0	151.0	249.0	191.46808510638297	/Users/oakley/Downloads/out_11.mp4
34574	1014	115	42.0	151.0	252.0	193.79999999999998	/Users/oakley/Downloads/out_11.mp4
34575	2723	81	21.5	152.0	230.0	188.0	/Users/oakley/Downloads/out_11.mp4
34575	1012	115	31.5	157.0	255.0	202.65116279069767	/Users/oakley/Downloads/out_11.mp4
34576	2721	79	28.5	152.0	255.0	204.82051282051282	/Users/oakley/Downloads/out_11.mp4
34576	1010	113	27.0	151.0	214.0	182.57894736842104	/Users/oakley/Downloads/out_11.mp4
34577	2719	78	29.0	154.0	255.0	210.20000000000002	/Users/oakley/Downloads/out_11.mp4
34577	1010	113	22.0	152.0	218.0	185.03125	/Users/oakley/Downloads/out_11.mp4
34578	2717	77	27.5	157.0	255.0	206.18421052631578	/Users/oakley/Downloads/out_11.mp4
34578	1008	111	23.0	151.0	232.0	191.78787878787878	/Users/oakley/Downloads/out_11.mp4
34579	2715	75	27.5	153.0	255.0	207.6315789473684	/Users/oakley/Downloads/out_11.mp4
34579	1005	111	30.5	151.0	255.0	201.45238095238093	/Users/oakley/Downloads/out_11.mp4
34580	2713	74	36.0	152.0	255.0	208.35416666666666	/Users/oakley/Downloads/out_11.mp4
34580	1003	108	20.0	0.0	243.0	200.16666666666666	/Users/oakley/Downloads/out_11.mp4
34581	2711	72	15.0	154.0	189.0	170.45454545454547	/Users/oakley/Downloads/out_11.mp4
34581	1002	108	23.5	0.0	255.0	200.55882352941177	/Users/oakley/Downloads/out_11.mp4
34582	2709	72	18.5	152.0	226.0	187.14814814814812	/Users/oakley/Downloads/out_11.mp4
34582	999	106	26.0	0.0	255.0	194.30555555555554	/Users/oakley/Downloads/out_11.mp4
34583	2707	69	17.0	151.0	217.0	185.5769230769231	/Users/oakley/Downloads/out_11.mp4
34583	997	106	24.0	151.0	255.0	198.78947368421052	/Users/oakley/Downloads/out_11.mp4
34584	2705	69	18.0	153.0	216.0	180.77777777777777	/Users/oakley/Downloads/out_11.mp4
34586	2701	66	24.0	151.0	245.0	196.70588235294116	/Users/oakley/Downloads/out_11.mp4
34585	2703	68	22.0	151.0	250.0	193.28125	/Users/oakley/Downloads/out_11.mp4
34589	2696	61	19.5	151.0	233.0	187.82142857142856	/Users/oakley/Downloads/out_11.mp4
34589	985	98	17.5	157.0	255.0	199.37037037037035	/Users/oakley/Downloads/out_11.mp4
34588	2698	62	17.0	151.0	215.0	178.88	/Users/oakley/Downloads/out_11.mp4
34588	988	101	17.0	152.0	255.0	201.12	/Users/oakley/Downloads/out_11.mp4
34590	2694	61	19.0	151.0	201.0	173.4642857142857	/Users/oakley/Downloads/out_11.mp4
34592	2690	58	18.5	152.0	243.0	190.33333333333331	/Users/oakley/Downloads/out_11.mp4
35196	2504	62	23.0	154.0	255.0	200.72727272727272	/Users/oakley/Downloads/out_11.mp4
35194	2509	64	18.5	152.0	225.0	189.29629629629628	/Users/oakley/Downloads/out_11.mp4
35195	2506	62	21.5	154.0	255.0	200.6	/Users/oakley/Downloads/out_11.mp4
35197	2503	62	32.5	151.0	255.0	200.63636363636365	/Users/oakley/Downloads/out_11.mp4
35197	788	121	20.0	155.0	255.0	205.06451612903226	/Users/oakley/Downloads/out_11.mp4
35198	2500	62	34.0	151.0	255.0	202.4468085106383	/Users/oakley/Downloads/out_11.mp4
35198	786	120	23.5	152.0	212.0	185.58823529411765	/Users/oakley/Downloads/out_11.mp4
35199	2499	61	19.0	151.0	186.0	169.03571428571428	/Users/oakley/Downloads/out_11.mp4
35199	784	120	29.5	153.0	249.0	197.025	/Users/oakley/Downloads/out_11.mp4
35200	2496	60	27.0	152.0	255.0	201.39024390243904	/Users/oakley/Downloads/out_11.mp4
35200	783	120	25.0	152.0	255.0	206.02564102564102	/Users/oakley/Downloads/out_11.mp4
35202	2493	60	51.0	153.0	255.0	209.26153846153846	/Users/oakley/Downloads/out_11.mp4
35202	779	119	57.0	152.0	255.0	202.8	/Users/oakley/Downloads/out_11.mp4
35201	2495	60	47.5	151.0	255.0	207.54838709677418	/Users/oakley/Downloads/out_11.mp4
35201	781	121	32.0	151.0	255.0	203.7111111111111	/Users/oakley/Downloads/out_11.mp4
35204	2491	59	52.0	152.0	255.0	207.43939393939394	/Users/oakley/Downloads/out_11.mp4
35204	776	120	60.0	152.0	255.0	201.01333333333335	/Users/oakley/Downloads/out_11.mp4
35203	2492	59	50.5	153.0	255.0	202.09375	/Users/oakley/Downloads/out_11.mp4
35203	777	120	41.5	151.0	255.0	192.05084745762713	/Users/oakley/Downloads/out_11.mp4
35206	2490	60	60.0	151.0	255.0	202.72	/Users/oakley/Downloads/out_11.mp4
35206	775	121	54.0	151.0	255.0	203.74285714285713	/Users/oakley/Downloads/out_11.mp4
35205	2491	60	48.5	151.0	255.0	214.93650793650792	/Users/oakley/Downloads/out_11.mp4
35205	775	120	54.5	154.0	255.0	209.54166666666666	/Users/oakley/Downloads/out_11.mp4
35208	2489	61	48.0	151.0	255.0	207.0	/Users/oakley/Downloads/out_11.mp4
35208	774	122	47.0	153.0	250.0	197.33333333333334	/Users/oakley/Downloads/out_11.mp4
35207	2490	61	50.0	151.0	255.0	211.21875	/Users/oakley/Downloads/out_11.mp4
35207	775	122	46.0	151.0	255.0	194.0	/Users/oakley/Downloads/out_11.mp4
35210	2489	63	64.5	152.0	255.0	216.95000000000002	/Users/oakley/Downloads/out_11.mp4
35210	774	124	59.5	151.0	255.0	199.86666666666667	/Users/oakley/Downloads/out_11.mp4
35209	2490	63	54.0	159.0	255.0	218.2941176470588	/Users/oakley/Downloads/out_11.mp4
35209	774	123	50.0	151.0	243.0	194.21538461538464	/Users/oakley/Downloads/out_11.mp4
35212	2490	66	64.0	152.0	255.0	204.45000000000002	/Users/oakley/Downloads/out_11.mp4
35212	773	126	71.5	152.0	255.0	199.43820224719101	/Users/oakley/Downloads/out_11.mp4
35211	2490	65	62.0	151.0	255.0	196.53846153846152	/Users/oakley/Downloads/out_11.mp4
35211	773	125	58.5	151.0	255.0	199.86842105263156	/Users/oakley/Downloads/out_11.mp4
35214	2489	68	51.5	0.0	255.0	215.5142857142857	/Users/oakley/Downloads/out_11.mp4
35214	772	129	69.5	151.0	255.0	201.13483146067415	/Users/oakley/Downloads/out_11.mp4
35213	2489	67	62.0	153.0	255.0	209.76923076923077	/Users/oakley/Downloads/out_11.mp4
35213	773	127	65.5	151.0	255.0	203.18823529411765	/Users/oakley/Downloads/out_11.mp4
35216	2489	71	57.5	0.0	255.0	212.82432432432432	/Users/oakley/Downloads/out_11.mp4
35216	773	133	45.5	151.0	255.0	201.96774193548387	/Users/oakley/Downloads/out_11.mp4
35215	2490	69	56.0	151.0	255.0	213.5	/Users/oakley/Downloads/out_11.mp4
35215	773	131	49.0	153.0	255.0	209.13846153846154	/Users/oakley/Downloads/out_11.mp4
35218	2488	76	53.0	151.0	251.0	191.51470588235293	/Users/oakley/Downloads/out_11.mp4
35218	772	135	50.5	151.0	255.0	201.97014925373134	/Users/oakley/Downloads/out_11.mp4
35217	2488	72	57.5	151.0	255.0	210.64864864864867	/Users/oakley/Downloads/out_11.mp4
35217	772	134	52.0	151.0	255.0	197.92857142857142	/Users/oakley/Downloads/out_11.mp4
35220	2486	78	54.5	153.0	255.0	203.1	/Users/oakley/Downloads/out_11.mp4
35220	770	139	41.0	151.0	255.0	198.3272727272727	/Users/oakley/Downloads/out_11.mp4
35219	2487	77	56.0	152.0	255.0	202.52	/Users/oakley/Downloads/out_11.mp4
35219	771	137	25.5	153.0	247.0	188.33333333333331	/Users/oakley/Downloads/out_11.mp4
35222	2484	81	35.0	151.0	236.0	188.91489361702128	/Users/oakley/Downloads/out_11.mp4
35222	769	143	25.0	154.0	255.0	205.7027027027027	/Users/oakley/Downloads/out_11.mp4
35221	2485	79	60.0	151.0	255.0	209.0779220779221	/Users/oakley/Downloads/out_11.mp4
35221	770	141	39.0	151.0	255.0	198.5	/Users/oakley/Downloads/out_11.mp4
35223	2482	82	42.5	151.0	246.0	197.69642857142856	/Users/oakley/Downloads/out_11.mp4
35223	767	144	22.5	157.0	255.0	207.5142857142857	/Users/oakley/Downloads/out_11.mp4
35224	2480	83	41.0	153.0	255.0	206.53703703703704	/Users/oakley/Downloads/out_11.mp4
35224	765	145	26.0	151.0	198.0	174.7222222222222	/Users/oakley/Downloads/out_11.mp4
35226	2476	86	24.5	0.0	255.0	207.6	/Users/oakley/Downloads/out_11.mp4
35226	761	147	28.5	151.0	242.0	193.05128205128204	/Users/oakley/Downloads/out_11.mp4
35225	2478	86	41.0	0.0	255.0	198.29629629629628	/Users/oakley/Downloads/out_11.mp4
35225	763	147	28.5	151.0	243.0	197.2051282051282	/Users/oakley/Downloads/out_11.mp4
35227	2473	87	19.5	153.0	255.0	203.36666666666667	/Users/oakley/Downloads/out_11.mp4
35228	2470	88	28.0	152.0	255.0	190.32500000000002	/Users/oakley/Downloads/out_11.mp4
35229	753	155	17.5	152.0	228.0	181.9642857142857	/Users/oakley/Downloads/out_11.mp4
35233	2453	92	16.5	153.0	217.0	181.92307692307693	/Users/oakley/Downloads/out_11.mp4
35231	2462	90	22.5	153.0	211.0	178.125	/Users/oakley/Downloads/out_11.mp4
35232	743	157	23.5	0.0	192.0	164.8235294117647	/Users/oakley/Downloads/out_11.mp4
35952	43	264	22.5	152.0	253.0	191.15789473684208	/Users/oakley/Downloads/out_11.mp4
35950	53	263	30.5	152.0	250.0	191.88372093023256	/Users/oakley/Downloads/out_11.mp4
35951	53	265	16.5	152.0	222.0	185.8148148148148	/Users/oakley/Downloads/out_11.mp4
35955	18	262	31.5	152.0	240.0	195.66666666666666	/Users/oakley/Downloads/out_11.mp4
35954	27	262	36.0	153.0	225.0	190.88679245283018	/Users/oakley/Downloads/out_11.mp4
35953	34	263	17.5	151.0	195.0	168.6153846153846	/Users/oakley/Downloads/out_11.mp4
35956	11	262	34.5	152.0	255.0	191.44	/Users/oakley/Downloads/out_11.mp4
35957	4	262	31.0	155.0	255.0	199.11363636363637	/Users/oakley/Downloads/out_11.mp4
36745	1604	216	20.5	151.0	214.0	174.19354838709677	/Users/oakley/Downloads/out_11.mp4
36746	1603	216	34.0	151.0	255.0	194.36170212765958	/Users/oakley/Downloads/out_11.mp4
36746	3372	249	18.5	154.0	232.0	193.9310344827586	/Users/oakley/Downloads/out_11.mp4
36883	37	20	24.0	155.0	255.0	200.20588235294116	/Users/oakley/Downloads/out_11.mp4
36884	36	20	16.0	157.0	252.0	186.14814814814812	/Users/oakley/Downloads/out_11.mp4
36937	3083	119	17.0	152.0	255.0	207.68	/Users/oakley/Downloads/out_11.mp4
39060	2135	139	18.5	154.0	193.0	167.8235294117647	/Users/oakley/Downloads/out_11.mp4
39066	407	236	17.0	153.0	188.0	169.46153846153848	/Users/oakley/Downloads/out_11.mp4
39068	2101	132	36.0	151.0	255.0	195.77551020408163	/Users/oakley/Downloads/out_11.mp4
39067	2106	133	31.0	151.0	243.0	188.4	/Users/oakley/Downloads/out_11.mp4
39070	2092	129	36.0	151.0	255.0	196.16666666666666	/Users/oakley/Downloads/out_11.mp4
39072	2080	127	36.0	152.0	246.0	192.18367346938774	/Users/oakley/Downloads/out_11.mp4
39072	379	233	25.0	151.0	254.0	179.45945945945948	/Users/oakley/Downloads/out_11.mp4
39073	2076	125	20.5	153.0	182.0	167.2	/Users/oakley/Downloads/out_11.mp4
39073	376	232	27.5	151.0	243.0	177.43589743589743	/Users/oakley/Downloads/out_11.mp4
39075	2068	123	34.5	152.0	221.0	184.82978723404256	/Users/oakley/Downloads/out_11.mp4
39075	365	231	23.5	151.0	237.0	186.88235294117646	/Users/oakley/Downloads/out_11.mp4
39074	2071	124	38.0	151.0	249.0	194.92156862745097	/Users/oakley/Downloads/out_11.mp4
39074	371	231	23.5	151.0	242.0	181.2941176470588	/Users/oakley/Downloads/out_11.mp4
39077	2057	120	27.0	155.0	255.0	192.78048780487805	/Users/oakley/Downloads/out_11.mp4
39077	356	230	27.0	151.0	255.0	189.15	/Users/oakley/Downloads/out_11.mp4
39076	2063	121	45.0	151.0	247.0	192.41935483870967	/Users/oakley/Downloads/out_11.mp4
39076	361	230	23.5	151.0	242.0	184.97142857142856	/Users/oakley/Downloads/out_11.mp4
39079	2050	118	26.0	153.0	237.0	196.8918918918919	/Users/oakley/Downloads/out_11.mp4
39079	349	228	33.0	151.0	229.0	180.31914893617022	/Users/oakley/Downloads/out_11.mp4
39078	2052	119	30.0	152.0	237.0	197.09302325581396	/Users/oakley/Downloads/out_11.mp4
39078	354	229	17.0	152.0	219.0	181.96153846153848	/Users/oakley/Downloads/out_11.mp4
39081	2039	115	37.5	151.0	211.0	181.26	/Users/oakley/Downloads/out_11.mp4
39081	341	226	29.5	151.0	255.0	196.88095238095238	/Users/oakley/Downloads/out_11.mp4
39080	2045	117	46.0	151.0	255.0	194.06557377049182	/Users/oakley/Downloads/out_11.mp4
39080	345	227	20.5	154.0	255.0	200.38709677419354	/Users/oakley/Downloads/out_11.mp4
39083	2033	114	40.0	151.0	251.0	195.5	/Users/oakley/Downloads/out_11.mp4
39083	331	224	35.0	151.0	255.0	195.66	/Users/oakley/Downloads/out_11.mp4
39082	2037	114	35.5	153.0	232.0	187.72340425531914	/Users/oakley/Downloads/out_11.mp4
39082	336	224	35.5	151.0	255.0	194.56	/Users/oakley/Downloads/out_11.mp4
39085	2027	112	34.0	153.0	252.0	197.5744680851064	/Users/oakley/Downloads/out_11.mp4
39085	324	221	23.0	151.0	255.0	190.1315789473684	/Users/oakley/Downloads/out_11.mp4
39084	2030	113	43.0	151.0	249.0	194.91071428571428	/Users/oakley/Downloads/out_11.mp4
39084	328	224	19.5	152.0	252.0	193.0625	/Users/oakley/Downloads/out_11.mp4
39087	2022	110	15.5	151.0	186.0	165.5	/Users/oakley/Downloads/out_11.mp4
39087	321	222	15.5	152.0	252.0	188.52	/Users/oakley/Downloads/out_11.mp4
39086	2024	110	35.0	152.0	249.0	195.9375	/Users/oakley/Downloads/out_11.mp4
39086	323	223	30.5	153.0	254.0	195.57777777777778	/Users/oakley/Downloads/out_11.mp4
39089	2016	108	26.0	151.0	208.0	173.75675675675677	/Users/oakley/Downloads/out_11.mp4
39089	316	221	18.5	151.0	209.0	174.48148148148147	/Users/oakley/Downloads/out_11.mp4
39088	2019	110	27.5	152.0	237.0	188.82051282051282	/Users/oakley/Downloads/out_11.mp4
39088	316	221	16.0	154.0	205.0	177.84	/Users/oakley/Downloads/out_11.mp4
39090	2016	108	22.0	151.0	204.0	174.75757575757575	/Users/oakley/Downloads/out_11.mp4
39090	314	221	23.0	151.0	209.0	170.88235294117646	/Users/oakley/Downloads/out_11.mp4
39091	2013	107	18.0	151.0	217.0	182.59259259259258	/Users/oakley/Downloads/out_11.mp4
39091	314	221	18.5	151.0	209.0	175.3793103448276	/Users/oakley/Downloads/out_11.mp4
39092	2013	107	28.5	151.0	251.0	202.625	/Users/oakley/Downloads/out_11.mp4
39297	324	95	21.5	151.0	196.0	171.21875	/Users/oakley/Downloads/out_11.mp4
42168	2120	100	29.5	151.0	228.0	183.04761904761904	/Users/oakley/Downloads/out_11.mp4
42169	2120	101	20.0	153.0	237.0	187.36666666666667	/Users/oakley/Downloads/out_11.mp4
42171	414	204	15.5	152.0	247.0	184.16	/Users/oakley/Downloads/out_11.mp4
42175	2117	103	23.0	0.0	252.0	179.0857142857143	/Users/oakley/Downloads/out_11.mp4
42176	411	205	21.0	151.0	203.0	176.2258064516129	/Users/oakley/Downloads/out_11.mp4
42174	2119	104	24.5	0.0	240.0	177.28571428571428	/Users/oakley/Downloads/out_11.mp4
42178	2114	104	34.0	151.0	255.0	193.22916666666666	/Users/oakley/Downloads/out_11.mp4
42177	2116	105	20.5	151.0	215.0	183.66666666666666	/Users/oakley/Downloads/out_11.mp4
42177	411	206	19.5	151.0	205.0	177.96666666666667	/Users/oakley/Downloads/out_11.mp4
42179	2113	105	17.5	151.0	255.0	193.86666666666667	/Users/oakley/Downloads/out_11.mp4
42179	408	206	33.0	151.0	251.0	190.0	/Users/oakley/Downloads/out_11.mp4
42180	2111	103	22.5	151.0	214.0	175.71875	/Users/oakley/Downloads/out_11.mp4
42180	406	207	28.5	151.0	228.0	184.775	/Users/oakley/Downloads/out_11.mp4
42181	2110	104	32.0	151.0	222.0	176.57777777777778	/Users/oakley/Downloads/out_11.mp4
42181	405	206	27.5	151.0	228.0	187.07500000000002	/Users/oakley/Downloads/out_11.mp4
42182	2108	104	31.0	151.0	255.0	198.38636363636365	/Users/oakley/Downloads/out_11.mp4
42182	404	206	25.5	151.0	237.0	197.44444444444443	/Users/oakley/Downloads/out_11.mp4
42184	2103	102	37.5	151.0	252.0	199.16	/Users/oakley/Downloads/out_11.mp4
42184	399	206	31.5	151.0	255.0	197.42222222222222	/Users/oakley/Downloads/out_11.mp4
42183	2105	102	33.0	151.0	255.0	202.82222222222222	/Users/oakley/Downloads/out_11.mp4
42183	402	206	26.0	153.0	236.0	196.5	/Users/oakley/Downloads/out_11.mp4
42185	2102	101	43.0	151.0	255.0	205.3157894736842	/Users/oakley/Downloads/out_11.mp4
42185	398	206	41.5	0.0	255.0	191.16666666666666	/Users/oakley/Downloads/out_11.mp4
42186	2100	100	43.0	151.0	253.0	205.28070175438594	/Users/oakley/Downloads/out_11.mp4
42186	395	205	34.5	151.0	236.0	183.16666666666666	/Users/oakley/Downloads/out_11.mp4
42187	2098	100	25.5	151.0	224.0	190.36111111111111	/Users/oakley/Downloads/out_11.mp4
42187	394	204	31.5	151.0	237.0	188.5581395348837	/Users/oakley/Downloads/out_11.mp4
42188	2097	99	44.0	151.0	245.0	201.4915254237288	/Users/oakley/Downloads/out_11.mp4
42188	392	204	29.5	151.0	252.0	201.0	/Users/oakley/Downloads/out_11.mp4
42190	2092	97	58.5	151.0	255.0	199.54054054054055	/Users/oakley/Downloads/out_11.mp4
42190	388	203	30.0	151.0	235.0	192.77272727272728	/Users/oakley/Downloads/out_11.mp4
42189	2094	98	52.5	151.0	255.0	200.23529411764704	/Users/oakley/Downloads/out_11.mp4
42189	391	202	34.0	151.0	255.0	197.58333333333331	/Users/oakley/Downloads/out_11.mp4
42192	2090	96	42.5	0.0	255.0	210.05263157894737	/Users/oakley/Downloads/out_11.mp4
42192	386	201	19.5	151.0	255.0	211.48275862068965	/Users/oakley/Downloads/out_11.mp4
42191	2092	97	51.0	151.0	255.0	206.64615384615385	/Users/oakley/Downloads/out_11.mp4
42191	388	202	33.0	152.0	235.0	191.3125	/Users/oakley/Downloads/out_11.mp4
42194	2089	95	42.5	151.0	255.0	214.85	/Users/oakley/Downloads/out_11.mp4
42194	383	198	30.0	151.0	255.0	194.36363636363637	/Users/oakley/Downloads/out_11.mp4
42193	2088	95	45.5	0.0	255.0	207.0	/Users/oakley/Downloads/out_11.mp4
42193	384	199	37.0	151.0	255.0	198.11111111111111	/Users/oakley/Downloads/out_11.mp4
42196	2086	93	39.5	152.0	229.0	182.48214285714286	/Users/oakley/Downloads/out_11.mp4
42196	383	198	23.5	152.0	255.0	207.44117647058823	/Users/oakley/Downloads/out_11.mp4
42195	2087	93	37.0	152.0	229.0	183.91666666666666	/Users/oakley/Downloads/out_11.mp4
42195	383	198	27.0	0.0	255.0	195.27906976744185	/Users/oakley/Downloads/out_11.mp4
42198	2086	93	35.5	152.0	244.0	195.5744680851064	/Users/oakley/Downloads/out_11.mp4
42198	383	199	21.0	152.0	240.0	182.54838709677418	/Users/oakley/Downloads/out_11.mp4
42197	2087	92	35.0	155.0	243.0	194.1086956521739	/Users/oakley/Downloads/out_11.mp4
42197	381	198	30.0	151.0	255.0	209.86363636363637	/Users/oakley/Downloads/out_11.mp4
42201	2088	92	36.0	155.0	255.0	214.0612244897959	/Users/oakley/Downloads/out_11.mp4
42199	2087	92	33.5	151.0	255.0	208.35555555555555	/Users/oakley/Downloads/out_11.mp4
42199	382	198	19.5	152.0	249.0	194.9310344827586	/Users/oakley/Downloads/out_11.mp4
42200	2088	92	31.5	154.0	255.0	208.32558139534885	/Users/oakley/Downloads/out_11.mp4
42200	379	196	21.0	152.0	237.0	192.06451612903226	/Users/oakley/Downloads/out_11.mp4
42202	2088	91	30.0	152.0	249.0	201.42857142857142	/Users/oakley/Downloads/out_11.mp4
42202	382	197	32.0	151.0	221.0	181.38636363636365	/Users/oakley/Downloads/out_11.mp4
42203	2090	92	24.0	157.0	255.0	211.1315789473684	/Users/oakley/Downloads/out_11.mp4
42203	383	197	27.0	151.0	221.0	178.125	/Users/oakley/Downloads/out_11.mp4
42205	2092	92	26.5	154.0	255.0	209.972972972973	/Users/oakley/Downloads/out_11.mp4
42205	384	197	19.0	152.0	253.0	190.85714285714283	/Users/oakley/Downloads/out_11.mp4
42204	2090	92	25.0	151.0	255.0	211.02777777777777	/Users/oakley/Downloads/out_11.mp4
42204	384	197	23.0	151.0	221.0	184.63636363636365	/Users/oakley/Downloads/out_11.mp4
42206	2092	91	26.5	151.0	255.0	205.76315789473682	/Users/oakley/Downloads/out_11.mp4
42208	2096	93	21.0	151.0	255.0	184.5625	/Users/oakley/Downloads/out_11.mp4
42399	683	34	16.0	151.0	235.0	188.4	/Users/oakley/Downloads/out_11.mp4
42404	680	37	16.0	151.0	239.0	177.42857142857142	/Users/oakley/Downloads/out_11.mp4
42419	2331	148	17.5	151.0	209.0	171.29629629629628	/Users/oakley/Downloads/out_11.mp4
42419	686	222	16.0	151.0	243.0	182.33333333333331	/Users/oakley/Downloads/out_11.mp4
42418	2331	148	16.5	154.0	216.0	171.29629629629628	/Users/oakley/Downloads/out_11.mp4
42451	2251	339	15.0	152.0	204.0	173.95833333333331	/Users/oakley/Downloads/out_11.mp4
42455	2241	342	17.0	153.0	231.0	188.39285714285714	/Users/oakley/Downloads/out_11.mp4
42482	2096	649	20.5	151.0	255.0	182.38235294117646	/Users/oakley/Downloads/out_11.mp4
42486	2082	650	20.5	151.0	247.0	187.56666666666666	/Users/oakley/Downloads/out_11.mp4
42485	2086	649	18.0	151.0	224.0	178.7037037037037	/Users/oakley/Downloads/out_11.mp4
42485	508	749	19.5	151.0	215.0	182.64516129032256	/Users/oakley/Downloads/out_11.mp4
42489	495	753	16.0	152.0	255.0	199.0769230769231	/Users/oakley/Downloads/out_11.mp4
42493	2051	656	20.5	151.0	214.0	177.23333333333332	/Users/oakley/Downloads/out_11.mp4
42493	476	758	16.5	151.0	251.0	191.77777777777777	/Users/oakley/Downloads/out_11.mp4
42494	2044	656	20.5	150.0	214.0	175.83333333333334	/Users/oakley/Downloads/out_11.mp4
42492	2057	654	19.5	152.0	230.0	185.32142857142856	/Users/oakley/Downloads/out_11.mp4
42496	458	760	15.5	151.0	255.0	197.03846153846155	/Users/oakley/Downloads/out_11.mp4
42497	452	761	18.5	151.0	229.0	180.09677419354838	/Users/oakley/Downloads/out_11.mp4
42495	2040	657	31.0	151.0	182.0	165.57142857142856	/Users/oakley/Downloads/out_11.mp4
42500	434	763	22.0	151.0	237.0	193.75757575757575	/Users/oakley/Downloads/out_11.mp4
42498	2023	656	18.5	151.0	209.0	176.9642857142857	/Users/oakley/Downloads/out_11.mp4
42499	2013	655	20.0	151.0	208.0	174.7	/Users/oakley/Downloads/out_11.mp4
42499	440	763	21.0	151.0	190.0	168.5	/Users/oakley/Downloads/out_11.mp4
42508	381	756	16.5	154.0	205.0	173.84	/Users/oakley/Downloads/out_11.mp4
43351	2325	54	32.0	153.0	255.0	205.36363636363637	/Users/oakley/Downloads/out_11.mp4
43352	2326	57	35.0	151.0	255.0	187.8125	/Users/oakley/Downloads/out_11.mp4
43350	2326	53	23.0	151.0	255.0	187.11764705882354	/Users/oakley/Downloads/out_11.mp4
43353	2323	57	40.0	151.0	255.0	193.2075471698113	/Users/oakley/Downloads/out_11.mp4
43353	612	135	19.5	151.0	255.0	191.5625	/Users/oakley/Downloads/out_11.mp4
43354	2322	57	24.0	151.0	230.0	183.17142857142858	/Users/oakley/Downloads/out_11.mp4
43355	2322	60	22.0	153.0	250.0	205.53125	/Users/oakley/Downloads/out_11.mp4
43355	610	138	16.5	152.0	230.0	181.8	/Users/oakley/Downloads/out_11.mp4
43356	2322	60	29.5	154.0	255.0	193.5609756097561	/Users/oakley/Downloads/out_11.mp4
43356	611	139	25.5	153.0	228.0	183.41666666666666	/Users/oakley/Downloads/out_11.mp4
43358	2321	62	33.5	152.0	255.0	199.3125	/Users/oakley/Downloads/out_11.mp4
43358	608	141	21.5	154.0	243.0	190.52941176470588	/Users/oakley/Downloads/out_11.mp4
43357	2321	61	32.5	0.0	255.0	198.70454545454547	/Users/oakley/Downloads/out_11.mp4
43357	610	140	26.0	153.0	230.0	190.02564102564102	/Users/oakley/Downloads/out_11.mp4
43360	2321	65	28.5	154.0	245.0	190.85365853658539	/Users/oakley/Downloads/out_11.mp4
43359	2321	64	34.0	151.0	254.0	193.82978723404256	/Users/oakley/Downloads/out_11.mp4
43359	608	143	23.5	151.0	222.0	172.13888888888889	/Users/oakley/Downloads/out_11.mp4
43361	2321	66	33.0	151.0	243.0	181.32653061224488	/Users/oakley/Downloads/out_11.mp4
43361	609	146	22.0	151.0	207.0	175.21875	/Users/oakley/Downloads/out_11.mp4
43362	2320	67	34.5	151.0	205.0	174.52173913043478	/Users/oakley/Downloads/out_11.mp4
43362	609	146	27.5	152.0	239.0	187.18421052631578	/Users/oakley/Downloads/out_11.mp4
43364	2321	69	53.5	154.0	255.0	205.37142857142857	/Users/oakley/Downloads/out_11.mp4
43364	610	149	33.0	154.0	255.0	196.45652173913044	/Users/oakley/Downloads/out_11.mp4
43363	2321	68	54.0	151.0	246.0	193.23188405797103	/Users/oakley/Downloads/out_11.mp4
43363	610	148	36.5	151.0	236.0	190.88235294117646	/Users/oakley/Downloads/out_11.mp4
43366	2324	71	37.0	154.0	255.0	209.11764705882354	/Users/oakley/Downloads/out_11.mp4
43366	611	150	22.5	151.0	243.0	187.72727272727272	/Users/oakley/Downloads/out_11.mp4
43365	2322	70	51.0	152.0	255.0	206.2089552238806	/Users/oakley/Downloads/out_11.mp4
43365	610	149	28.0	151.0	218.0	186.14285714285714	/Users/oakley/Downloads/out_11.mp4
43367	2325	73	44.0	151.0	255.0	202.9322033898305	/Users/oakley/Downloads/out_11.mp4
43367	611	150	25.5	151.0	239.0	188.52777777777777	/Users/oakley/Downloads/out_11.mp4
43368	1377	63	15.5	152.0	217.0	182.03846153846155	/Users/oakley/Downloads/out_11.mp4
43368	2326	73	47.5	151.0	255.0	203.88888888888889	/Users/oakley/Downloads/out_11.mp4
43368	613	151	33.0	153.0	255.0	201.8695652173913	/Users/oakley/Downloads/out_11.mp4
43369	2328	74	50.5	153.0	255.0	204.28358208955223	/Users/oakley/Downloads/out_11.mp4
43369	613	152	32.5	153.0	255.0	198.06521739130434	/Users/oakley/Downloads/out_11.mp4
43370	2327	74	49.5	151.0	240.0	195.578125	/Users/oakley/Downloads/out_11.mp4
43370	614	151	37.0	152.0	239.0	183.18367346938774	/Users/oakley/Downloads/out_11.mp4
43371	1379	69	15.0	151.0	238.0	190.69565217391303	/Users/oakley/Downloads/out_11.mp4
43371	2329	75	47.0	151.0	242.0	195.79032258064515	/Users/oakley/Downloads/out_11.mp4
43371	616	152	37.5	151.0	255.0	194.12	/Users/oakley/Downloads/out_11.mp4
43372	2330	76	52.0	152.0	255.0	197.52238805970148	/Users/oakley/Downloads/out_11.mp4
43372	617	153	48.5	153.0	255.0	199.4090909090909	/Users/oakley/Downloads/out_11.mp4
43373	1384	72	17.5	153.0	245.0	197.5	/Users/oakley/Downloads/out_11.mp4
43373	2332	76	56.0	151.0	255.0	199.9861111111111	/Users/oakley/Downloads/out_11.mp4
43373	619	154	36.5	151.0	238.0	178.4074074074074	/Users/oakley/Downloads/out_11.mp4
43374	1385	76	15.5	152.0	254.0	198.28	/Users/oakley/Downloads/out_11.mp4
43374	2333	76	57.5	151.0	255.0	198.4931506849315	/Users/oakley/Downloads/out_11.mp4
43374	621	155	27.5	154.0	238.0	183.1627906976744	/Users/oakley/Downloads/out_11.mp4
43375	2335	77	63.0	151.0	255.0	204.38750000000002	/Users/oakley/Downloads/out_11.mp4
43375	623	155	32.0	152.0	250.0	191.33333333333331	/Users/oakley/Downloads/out_11.mp4
43376	2337	77	46.5	151.0	255.0	190.5625	/Users/oakley/Downloads/out_11.mp4
43376	3059	83	15.5	158.0	243.0	203.125	/Users/oakley/Downloads/out_11.mp4
43376	625	155	36.0	151.0	245.0	190.33962264150944	/Users/oakley/Downloads/out_11.mp4
43377	2339	78	49.0	151.0	255.0	203.26153846153846	/Users/oakley/Downloads/out_11.mp4
43377	3062	85	17.5	161.0	255.0	202.34615384615387	/Users/oakley/Downloads/out_11.mp4
43377	627	156	39.0	152.0	255.0	199.51785714285714	/Users/oakley/Downloads/out_11.mp4
43378	2340	78	42.0	151.0	255.0	198.01724137931035	/Users/oakley/Downloads/out_11.mp4
43378	3065	86	17.0	153.0	255.0	199.96153846153848	/Users/oakley/Downloads/out_11.mp4
43378	628	155	54.5	0.0	255.0	185.17333333333335	/Users/oakley/Downloads/out_11.mp4
43379	2342	79	46.0	151.0	255.0	196.0806451612903	/Users/oakley/Downloads/out_11.mp4
43379	631	156	50.0	152.0	255.0	186.375	/Users/oakley/Downloads/out_11.mp4
43380	2343	79	49.5	153.0	255.0	193.53731343283582	/Users/oakley/Downloads/out_11.mp4
43380	635	158	15.5	151.0	183.0	166.92000000000002	/Users/oakley/Downloads/out_11.mp4
43381	2345	80	39.0	151.0	255.0	203.6140350877193	/Users/oakley/Downloads/out_11.mp4
43381	633	156	40.0	152.0	202.0	173.4	/Users/oakley/Downloads/out_11.mp4
43382	2346	79	36.0	153.0	255.0	207.56363636363636	/Users/oakley/Downloads/out_11.mp4
43382	636	156	33.0	151.0	201.0	171.0392156862745	/Users/oakley/Downloads/out_11.mp4
43383	2348	79	49.5	151.0	255.0	201.13888888888889	/Users/oakley/Downloads/out_11.mp4
43383	3082	94	15.5	151.0	255.0	196.54166666666666	/Users/oakley/Downloads/out_11.mp4
43383	636	156	20.0	151.0	222.0	181.46666666666667	/Users/oakley/Downloads/out_11.mp4
43384	2347	79	32.0	151.0	194.0	172.2888888888889	/Users/oakley/Downloads/out_11.mp4
43384	3085	96	17.5	160.0	255.0	204.65384615384616	/Users/oakley/Downloads/out_11.mp4
43384	637	156	27.5	151.0	200.0	177.3846153846154	/Users/oakley/Downloads/out_11.mp4
43385	2352	82	20.0	151.0	197.0	168.17241379310346	/Users/oakley/Downloads/out_11.mp4
43385	3088	96	15.0	152.0	255.0	191.66666666666666	/Users/oakley/Downloads/out_11.mp4
43386	2351	79	26.0	151.0	195.0	169.66666666666666	/Users/oakley/Downloads/out_11.mp4
43386	3091	97	17.0	151.0	202.0	174.6	/Users/oakley/Downloads/out_11.mp4
43386	639	156	15.0	151.0	202.0	176.83333333333331	/Users/oakley/Downloads/out_11.mp4
43387	2356	83	22.5	152.0	195.0	171.9090909090909	/Users/oakley/Downloads/out_11.mp4
43387	1426	91	15.0	157.0	239.0	183.24	/Users/oakley/Downloads/out_11.mp4
43395	3110	108	15.5	152.0	255.0	191.76	/Users/oakley/Downloads/out_11.mp4
43409	1413	238	15.5	154.0	255.0	195.16	/Users/oakley/Downloads/out_11.mp4
45907	2724	59	25.5	151.0	255.0	192.41666666666666	/Users/oakley/Downloads/out_11.mp4
45906	2724	59	27.0	154.0	255.0	197.75675675675677	/Users/oakley/Downloads/out_11.mp4
45910	2726	58	32.0	151.0	240.0	186.75555555555556	/Users/oakley/Downloads/out_11.mp4
45908	2725	59	22.5	154.0	255.0	197.9722222222222	/Users/oakley/Downloads/out_11.mp4
45909	2726	59	16.5	151.0	228.0	176.56	/Users/oakley/Downloads/out_11.mp4
45911	2728	60	33.0	153.0	207.0	180.35555555555555	/Users/oakley/Downloads/out_11.mp4
45911	1000	95	19.0	152.0	202.0	172.72413793103448	/Users/oakley/Downloads/out_11.mp4
45912	2728	61	28.0	0.0	236.0	182.5897435897436	/Users/oakley/Downloads/out_11.mp4
45913	2729	60	29.5	0.0	212.0	179.95000000000002	/Users/oakley/Downloads/out_11.mp4
45913	1003	94	22.0	151.0	244.0	184.08823529411765	/Users/oakley/Downloads/out_11.mp4
45914	2730	60	28.5	151.0	219.0	178.95121951219514	/Users/oakley/Downloads/out_11.mp4
45914	1003	96	19.0	151.0	193.0	171.2222222222222	/Users/oakley/Downloads/out_11.mp4
45916	2730	62	23.0	151.0	229.0	186.78787878787878	/Users/oakley/Downloads/out_11.mp4
45916	1004	97	21.0	151.0	216.0	175.42424242424244	/Users/oakley/Downloads/out_11.mp4
45915	2730	61	23.0	152.0	240.0	191.24242424242425	/Users/oakley/Downloads/out_11.mp4
45915	1004	96	21.5	151.0	226.0	175.8181818181818	/Users/oakley/Downloads/out_11.mp4
45918	2731	63	37.0	151.0	255.0	198.44897959183672	/Users/oakley/Downloads/out_11.mp4
45918	1004	97	30.5	151.0	214.0	183.88095238095238	/Users/oakley/Downloads/out_11.mp4
45917	2731	63	32.0	152.0	243.0	192.61363636363637	/Users/oakley/Downloads/out_11.mp4
45917	1004	97	33.0	151.0	251.0	195.77777777777777	/Users/oakley/Downloads/out_11.mp4
45919	2732	65	18.0	152.0	204.0	176.6923076923077	/Users/oakley/Downloads/out_11.mp4
45919	1006	98	17.5	151.0	200.0	172.20689655172413	/Users/oakley/Downloads/out_11.mp4
45920	2731	65	17.5	151.0	207.0	179.1923076923077	/Users/oakley/Downloads/out_11.mp4
45921	2731	66	21.0	157.0	233.0	189.5806451612903	/Users/oakley/Downloads/out_11.mp4
45922	2730	65	26.0	151.0	255.0	197.86111111111111	/Users/oakley/Downloads/out_11.mp4
45922	1006	100	17.5	151.0	196.0	170.07407407407408	/Users/oakley/Downloads/out_11.mp4
45923	2731	67	23.5	151.0	255.0	196.94117647058823	/Users/oakley/Downloads/out_11.mp4
45927	2729	69	18.5	151.0	221.0	182.55555555555554	/Users/oakley/Downloads/out_11.mp4
45925	2730	68	27.5	152.0	239.0	190.39473684210526	/Users/oakley/Downloads/out_11.mp4
45926	2729	68	15.5	152.0	200.0	173.78260869565216	/Users/oakley/Downloads/out_11.mp4
45929	2727	71	15.5	152.0	198.0	173.625	/Users/oakley/Downloads/out_11.mp4
45932	2723	73	19.5	151.0	176.0	164.93333333333334	/Users/oakley/Downloads/out_11.mp4
46429	917	33	18.5	152.0	195.0	172.55555555555554	/Users/oakley/Downloads/out_11.mp4
46430	915	33	21.0	154.0	229.0	187.38235294117646	/Users/oakley/Downloads/out_11.mp4
46428	921	35	21.0	151.0	196.0	172.26666666666665	/Users/oakley/Downloads/out_11.mp4
46431	911	32	23.5	152.0	255.0	194.83333333333331	/Users/oakley/Downloads/out_11.mp4
46432	908	33	25.0	151.0	255.0	199.0285714285714	/Users/oakley/Downloads/out_11.mp4
46434	2627	6	16.5	152.0	208.0	173.18518518518516	/Users/oakley/Downloads/out_11.mp4
46434	902	32	28.5	152.0	255.0	198.4878048780488	/Users/oakley/Downloads/out_11.mp4
46433	2629	5	19.0	153.0	196.0	165.0344827586207	/Users/oakley/Downloads/out_11.mp4
46433	904	31	28.5	151.0	255.0	191.1219512195122	/Users/oakley/Downloads/out_11.mp4
46433	919	49	22.0	0.0	203.0	165.5	/Users/oakley/Downloads/out_11.mp4
46436	895	31	28.0	151.0	249.0	194.375	/Users/oakley/Downloads/out_11.mp4
46437	892	31	23.5	153.0	255.0	196.91891891891893	/Users/oakley/Downloads/out_11.mp4
46435	898	31	30.0	152.0	255.0	190.61904761904762	/Users/oakley/Downloads/out_11.mp4
46440	882	28	16.5	157.0	228.0	186.8846153846154	/Users/oakley/Downloads/out_11.mp4
46439	886	30	31.0	153.0	255.0	202.22222222222223	/Users/oakley/Downloads/out_11.mp4
46438	889	29	24.0	153.0	252.0	196.35000000000002	/Users/oakley/Downloads/out_11.mp4
46441	879	30	30.0	153.0	243.0	193.4878048780488	/Users/oakley/Downloads/out_11.mp4
46442	2603	12	17.5	155.0	189.0	170.15384615384616	/Users/oakley/Downloads/out_11.mp4
46442	877	30	38.5	153.0	229.0	187.1320754716981	/Users/oakley/Downloads/out_11.mp4
46444	870	30	28.5	153.0	255.0	196.5128205128205	/Users/oakley/Downloads/out_11.mp4
46443	2599	11	16.0	151.0	195.0	170.32	/Users/oakley/Downloads/out_11.mp4
46443	873	30	33.5	151.0	255.0	192.74468085106383	/Users/oakley/Downloads/out_11.mp4
46445	866	30	22.0	152.0	253.0	192.51515151515153	/Users/oakley/Downloads/out_11.mp4
46449	856	29	20.0	152.0	225.0	184.55172413793102	/Users/oakley/Downloads/out_11.mp4
46448	858	27	26.0	0.0	217.0	180.77777777777777	/Users/oakley/Downloads/out_11.mp4
46447	861	29	24.0	151.0	217.0	185.23529411764704	/Users/oakley/Downloads/out_11.mp4
