frame	cX	cY	area	minI	maxI	meanI	video
1302	28	248	35.5	152.0	251.0	190.66037735849056	/Users/oakley/Downloads/out_01.mp4
1665	2993	29	89.0	152.0	255.0	215.21698113207546	/Users/oakley/Downloads/out_01.mp4
1664	2992	30	79.0	151.0	255.0	212.46315789473684	/Users/oakley/Downloads/out_01.mp4
1663	2991	31	32.5	151.0	243.0	191.0	/Users/oakley/Downloads/out_01.mp4
1663	1276	43	23.0	152.0	240.0	194.52941176470588	/Users/oakley/Downloads/out_01.mp4
1666	2994	28	29.5	153.0	255.0	209.66666666666666	/Users/oakley/Downloads/out_01.mp4
1666	1278	39	54.5	151.0	255.0	211.9142857142857	/Users/oakley/Downloads/out_01.mp4
1975	1653	183	24.5	152.0	207.0	179.02777777777777	/Users/oakley/Downloads/out_01.mp4
1974	1653	182	38.0	152.0	221.0	178.59615384615387	/Users/oakley/Downloads/out_01.mp4
1977	1652	183	21.5	152.0	244.0	190.0	/Users/oakley/Downloads/out_01.mp4
1978	1651	183	29.0	151.0	255.0	188.57500000000002	/Users/oakley/Downloads/out_01.mp4
2115	3440	55	16.5	154.0	255.0	210.5769230769231	/Users/oakley/Downloads/out_01.mp4
2555	635	272	26.0	151.0	219.0	173.83333333333331	/Users/oakley/Downloads/out_01.mp4
6246	1986	238	42.5	151.0	235.0	184.08620689655172	/Users/oakley/Downloads/out_01.mp4
6247	1988	239	15.0	152.0	195.0	171.83333333333331	/Users/oakley/Downloads/out_01.mp4
8284	2211	133	29.0	154.0	253.0	205.55	/Users/oakley/Downloads/out_01.mp4
11979	1397	163	29.0	151.0	180.0	166.15	/Users/oakley/Downloads/out_01.mp4
11982	1396	162	30.5	151.0	198.0	170.54761904761904	/Users/oakley/Downloads/out_01.mp4
11980	1396	164	68.0	151.0	251.0	201.51162790697674	/Users/oakley/Downloads/out_01.mp4
11980	3174	169	17.0	154.0	242.0	187.3846153846154	/Users/oakley/Downloads/out_01.mp4
11981	1396	163	73.5	151.0	252.0	198.7741935483871	/Users/oakley/Downloads/out_01.mp4
15946	1660	207	22.0	151.0	225.0	183.84375	/Users/oakley/Downloads/out_01.mp4
15948	3438	243	16.5	157.0	255.0	224.04	/Users/oakley/Downloads/out_01.mp4
24803	1543	376	15.0	151.0	200.0	176.17391304347825	/Users/oakley/Downloads/out_01.mp4
24805	1547	387	28.5	151.0	250.0	200.57500000000002	/Users/oakley/Downloads/out_01.mp4
24804	1545	382	31.0	153.0	247.0	197.8095238095238	/Users/oakley/Downloads/out_01.mp4
30160	2611	59	23.0	154.0	255.0	205.55882352941177	/Users/oakley/Downloads/out_01.mp4
30161	2611	59	23.5	151.0	255.0	204.0	/Users/oakley/Downloads/out_01.mp4
30162	2611	60	19.0	151.0	255.0	209.35714285714283	/Users/oakley/Downloads/out_01.mp4
30163	2612	60	19.0	153.0	255.0	208.9642857142857	/Users/oakley/Downloads/out_01.mp4
30164	2612	61	18.5	155.0	255.0	210.33333333333331	/Users/oakley/Downloads/out_01.mp4
30165	2612	61	16.0	153.0	255.0	205.54166666666666	/Users/oakley/Downloads/out_01.mp4
37117	1927	56	63.0	151.0	255.0	206.16250000000002	/Users/oakley/Downloads/out_01.mp4
37117	229	184	72.0	151.0	255.0	208.06593406593407	/Users/oakley/Downloads/out_01.mp4
37120	226	182	25.5	155.0	255.0	212.27777777777777	/Users/oakley/Downloads/out_01.mp4
37121	1924	52	83.5	151.0	255.0	218.35294117647058	/Users/oakley/Downloads/out_01.mp4
39443	1641	150	64.5	151.0	229.0	180.0864197530864	/Users/oakley/Downloads/out_01.mp4
40569	1559	145	33.5	153.0	224.0	184.51111111111112	/Users/oakley/Downloads/out_01.mp4
40569	3288	167	17.0	151.0	244.0	206.32	/Users/oakley/Downloads/out_01.mp4
42300	2950	268	21.5	160.0	252.0	210.0	/Users/oakley/Downloads/out_01.mp4
42821	3071	101	48.0	152.0	255.0	214.39344262295083	/Users/oakley/Downloads/out_01.mp4
42822	3071	102	40.5	152.0	255.0	217.77358490566036	/Users/oakley/Downloads/out_01.mp4
47318	2702	23	26.5	152.0	255.0	201.02631578947367	/Users/oakley/Downloads/out_01.mp4
47318	966	69	36.5	151.0	255.0	209.93877551020407	/Users/oakley/Downloads/out_01.mp4
47319	2702	22	40.5	154.0	255.0	210.85185185185185	/Users/oakley/Downloads/out_01.mp4
47319	964	67	78.5	153.0	255.0	200.80208333333331	/Users/oakley/Downloads/out_01.mp4
48355	2679	35	44.5	151.0	255.0	202.94827586206895	/Users/oakley/Downloads/out_01.mp4
48357	2676	35	35.5	151.0	255.0	197.3404255319149	/Users/oakley/Downloads/out_01.mp4
48356	2679	35	15.0	153.0	214.0	181.04347826086956	/Users/oakley/Downloads/out_01.mp4
48753	2719	54	19.5	151.0	252.0	200.09677419354838	/Users/oakley/Downloads/out_01.mp4
48753	986	96	16.5	152.0	185.0	168.125	/Users/oakley/Downloads/out_01.mp4
48754	2719	54	25.0	151.0	253.0	205.05405405405406	/Users/oakley/Downloads/out_01.mp4
48754	986	96	24.5	153.0	209.0	177.55882352941177	/Users/oakley/Downloads/out_01.mp4
48867	354	163	29.5	153.0	216.0	185.1707317073171	/Users/oakley/Downloads/out_01.mp4
49138	2859	197	35.0	151.0	255.0	203.8478260869565	/Users/oakley/Downloads/out_01.mp4
49138	1110	225	17.0	151.0	173.0	160.52	/Users/oakley/Downloads/out_01.mp4
49183	3441	198	17.5	152.0	255.0	213.73076923076925	/Users/oakley/Downloads/out_01.mp4
49291	2829	203	27.0	158.0	255.0	201.2702702702703	/Users/oakley/Downloads/out_01.mp4
49292	2828	203	21.0	153.0	255.0	203.33333333333334	/Users/oakley/Downloads/out_01.mp4
53320	1811	99	19.0	151.0	182.0	166.75	/Users/oakley/Downloads/out_01.mp4
